0 Untitled Model
0 Name:  Po-Matoran Carver
0 Author:  
0 CustomBrick
0 NumOfBricks:  25
1 86 10.000000 -68.169000 30.000000 -1.000000 0.000000 0.000000 0.000000 0.000000 1.000000 0.000000 1.000000 0.000000 47295.dat
1 1 30.000020 -87.418990 19.750000 0.000000 0.000000 -1.000000 0.000000 1.000000 0.000000 1.000000 0.000000 0.000000 43093.dat
1 1 -10.000000 -87.418990 19.749980 0.000000 0.000000 -1.000000 0.000000 1.000000 0.000000 1.000000 0.000000 0.000000 43093.dat
1 1 10.000010 -127.058800 19.749980 0.000000 0.000000 -1.000000 0.000000 1.000000 0.000000 1.000000 0.000000 0.000000 43093.dat
1 1 30.000010 -48.168980 19.750000 0.000000 0.000000 -1.000000 0.000000 1.000000 0.000000 1.000000 0.000000 0.000000 43093.dat
1 1 -10.000000 -48.168980 19.749960 0.000000 0.000000 -1.000000 0.000000 1.000000 0.000000 1.000000 0.000000 0.000000 43093.dat
1 72 30.000020 -28.168990 29.749980 1.000000 0.000000 0.000000 0.000000 0.000001 -1.000000 0.000000 1.000000 0.000001 32174.dat
1 0 9.800020 -28.170280 29.749980 1.000000 0.000000 0.000000 0.000000 1.000000 0.000000 0.000000 0.000000 1.000000 3704.dat
1 72 -9.999990 -28.168980 29.749950 1.000000 0.000000 0.000000 0.000000 0.000000 -1.000000 0.000000 1.000000 0.000000 32174.dat
1 72 50.000020 -87.412090 29.749990 0.000345 0.000000 -1.000000 -1.000000 0.000000 -0.000345 0.000000 1.000000 0.000000 32174.dat
1 72 -29.999990 -87.412090 29.750030 -0.000345 0.000000 1.000000 -1.000000 0.000000 -0.000345 0.000000 -1.000000 0.000000 32174.dat
1 72 10.000020 -127.058800 29.749980 0.000000 0.000000 -1.000000 0.000000 -1.000000 0.000000 -1.000000 0.000000 0.000000 6553.dat
1 72 10.017080 -125.542300 0.192210 1.000000 0.000000 -0.000345 0.000000 1.000000 0.000000 0.000345 0.000000 1.000000 32553.dat
1 43 10.010180 -157.058800 14.249970 1.000003 0.000000 -0.000345 0.000000 1.000000 0.000000 0.000345 0.000000 1.000003 32554.dat
1 72 -50.000000 -87.405170 29.750080 0.836932 0.533082 0.123972 -0.180829 0.483125 -0.856675 -0.516572 0.694561 0.500739 47300.dat
1 72 70.000020 -87.405170 29.749980 -0.845269 0.248278 0.473159 -0.398980 -0.882280 -0.249798 0.355439 -0.399926 0.844820 47300.dat
1 72 30.000020 -8.169030 29.750000 -0.188558 -0.975143 -0.116366 -0.542114 0.202156 -0.815626 0.818876 -0.090709 -0.566758 47300.dat
1 72 -9.999990 -8.168990 29.749940 0.404860 -0.906944 -0.116366 -0.560026 -0.145346 -0.815626 0.722814 0.395383 -0.566757 47300.dat
1 0 -21.539760 46.857080 23.507700 0.866026 0.000000 0.500000 0.000000 1.000000 0.000000 -0.500000 0.000000 0.866026 41668.dat
1 0 42.197000 46.140560 19.665260 0.961474 0.000000 -0.274898 0.000000 1.000000 0.000000 0.274898 0.000000 0.961474 41668.dat
1 0 10.024140 -131.587300 -7.572600 1.000000 0.000000 0.000000 0.000000 1.000000 0.000000 0.000000 0.000000 1.000000 32572.dat
1 72 -81.235630 -29.807120 20.948970 -0.294974 0.885083 0.360026 0.577898 -0.134812 0.804898 0.760937 0.445482 -0.471721 32174.dat
1 72 77.273280 -56.297540 -36.022190 -0.912872 -0.147794 -0.380556 -0.258220 0.931047 0.257829 0.316209 0.333631 -0.888089 32174.dat
1 72 69.662160 -51.140960 -53.783960 0.038320 0.147794 0.988276 -0.331692 -0.931046 0.152097 0.942609 -0.333631 0.013344 55298.dat
1 179 -78.226440 -35.700630 13.186800 -0.113925 -0.294974 -0.948689 -0.811961 0.577897 -0.082179 0.572486 0.760937 -0.305344 604547.dat
